60 36 59 25 0 9 64 56 44 4 63 40 37 36 15 34 28 5 32 67 59 0 44 36 30 11 34 15 63 0 55 68 68 53 52 11 26 69 3 40 16 13 57 44 57 58 52 6 58 18 4 21 28 6 66 16 10 58 0 2 22 57 57 24 
60 36 59 25 0 9 64 56 44 4 63 40 37 36 15 34 28 5 32 67 59 0 44 36 30 11 34 15 63 0 55 68 68 53 52 11 26 69 3 40 16 13 57 44 57 58 52 6 58 18 4 21 28 6 66 16 10 58 0 2 22 57 57 24 
60 36 59 25 0 9 64 56 44 4 63 40 37 36 13 34 28 5 32 67 59 0 44 36 30 11 27 15 63 0 55 68 68 53 52 11 26 69 3 40 16 13 57 44 57 58 52 6 58 18 4 21 28 6 66 16 67 58 0 53 22 13 57 21 
60 36 59 25 0 9 64 56 44 4 64 40 37 36 13 34 28 5 32 67 59 0 44 36 30 11 27 15 63 0 55 68 68 53 52 11 35 69 3 40 16 13 57 44 57 58 52 6 58 18 4 21 28 6 66 16 67 58 0 53 22 13 57 4 
60 45 38 25 0 9 64 56 44 4 63 40 37 36 46 34 28 5 32 67 59 0 44 62 30 64 34 15 56 0 55 68 68 53 52 11 14 0 3 40 16 13 31 44 57 58 52 6 58 68 4 21 27 6 66 16 10 58 0 48 22 57 57 24 
60 45 38 25 0 9 64 56 44 4 63 40 37 36 46 34 28 5 32 67 59 0 44 62 30 64 34 15 56 0 55 68 68 53 52 11 14 0 3 40 16 13 31 44 57 58 52 6 58 68 4 21 27 6 66 16 10 58 0 48 22 57 57 24 
60 45 59 25 0 9 64 56 44 4 63 40 37 36 46 34 28 5 32 67 59 0 44 62 30 64 34 15 63 0 55 68 68 53 52 11 14 0 3 40 16 13 31 44 57 58 52 6 58 68 4 21 28 6 66 16 10 58 0 48 22 57 57 24 
60 45 59 25 0 9 64 56 44 4 63 40 37 36 46 34 28 5 32 67 59 0 44 62 30 64 34 15 63 0 55 68 68 53 52 11 14 0 3 40 16 13 31 44 57 58 52 6 58 68 4 21 28 6 66 16 10 58 0 48 22 57 57 24 
60 36 59 25 0 9 64 56 44 4 63 40 37 36 15 34 28 5 32 67 59 0 44 36 30 11 34 15 63 0 55 68 68 53 52 11 26 69 3 40 16 13 57 44 57 58 52 6 58 18 4 21 28 6 66 16 10 58 0 2 22 57 57 24 
60 36 59 25 0 9 64 56 44 4 63 40 37 36 15 34 28 5 32 67 59 0 44 36 30 11 34 15 63 0 55 68 68 53 52 11 26 69 3 40 16 13 57 44 57 58 52 6 58 18 4 21 28 6 66 16 10 58 0 2 22 57 57 24 
60 36 59 25 0 9 64 56 44 4 63 40 37 36 13 34 28 5 32 67 59 0 44 36 30 11 27 15 63 0 55 68 68 53 52 11 26 69 3 40 16 13 57 44 57 58 52 6 58 18 4 21 28 6 66 16 67 58 0 53 22 13 57 21 
60 36 59 25 0 9 64 56 44 4 64 40 37 36 13 34 28 5 32 67 59 0 44 36 30 11 27 15 63 0 55 68 68 53 52 11 35 69 3 40 16 13 57 44 57 58 52 6 58 18 4 21 28 6 66 16 67 58 0 53 22 13 57 4 
60 45 38 25 0 9 64 56 44 4 63 40 37 36 46 34 28 5 32 67 59 0 44 62 30 64 34 15 56 0 55 68 68 53 52 11 14 0 3 40 16 13 31 44 57 58 52 6 58 68 4 21 27 6 66 16 10 58 0 48 22 57 57 24 
60 45 38 25 0 9 64 56 44 4 63 40 37 36 46 34 28 5 32 67 59 0 44 62 30 64 34 15 56 0 55 68 68 53 52 11 14 0 3 40 16 13 31 44 57 58 52 6 58 68 4 21 27 6 66 16 10 58 0 48 22 57 57 24 
60 45 59 25 0 9 64 56 44 4 63 40 37 36 46 34 28 5 32 67 59 0 44 62 30 64 34 15 63 0 55 68 68 53 52 11 14 0 3 40 16 13 31 44 57 58 52 6 58 68 4 21 28 6 66 16 10 58 0 48 22 57 57 24 
60 45 59 25 0 9 64 56 44 4 63 40 37 36 46 34 28 5 32 67 59 0 44 62 30 64 34 15 63 0 55 68 68 53 52 11 14 0 3 40 16 13 31 44 57 58 52 6 58 68 4 21 28 6 66 16 10 58 0 48 22 57 57 24 
60 36 59 25 0 9 64 56 44 4 63 40 37 36 15 34 28 5 32 67 59 0 44 36 30 11 34 15 63 0 55 68 68 53 52 11 26 69 3 40 16 13 57 44 57 58 52 6 58 18 4 21 28 6 66 16 10 58 0 2 22 57 57 24 
60 36 59 25 0 9 64 56 44 4 63 40 37 36 15 34 28 5 32 67 59 0 44 36 30 11 34 15 63 0 55 68 68 53 52 11 26 69 3 40 16 13 57 44 57 58 52 6 58 18 4 21 28 6 66 16 10 58 0 2 22 57 57 24 
60 36 59 25 0 9 64 56 44 4 63 40 37 36 13 34 28 5 32 67 59 0 44 36 30 11 27 15 63 0 55 68 68 53 52 11 26 69 3 40 16 13 57 44 57 58 52 6 58 18 4 21 28 6 66 16 67 58 0 53 22 13 57 21 
60 36 59 25 0 9 64 56 44 4 64 40 37 36 13 34 28 5 32 67 59 0 44 36 30 11 27 15 63 0 55 68 68 53 52 11 35 69 3 40 16 13 57 44 57 58 52 6 58 18 4 21 28 6 66 16 67 58 0 53 22 13 57 4 
60 45 38 25 0 9 64 56 44 4 63 40 37 36 46 34 28 5 32 67 59 0 44 62 30 64 34 15 56 0 55 68 68 53 52 11 14 0 3 40 16 13 31 44 57 58 52 6 58 68 4 21 27 6 66 16 10 58 0 48 22 57 57 24 
60 45 38 25 0 9 64 56 44 4 63 40 37 36 46 34 28 5 32 67 59 0 44 62 30 64 34 15 56 0 55 68 68 53 52 11 14 0 3 40 16 13 31 44 57 58 52 6 58 68 4 21 27 6 66 16 10 58 0 48 22 57 57 24 
60 45 59 25 0 9 64 56 44 4 63 40 37 36 46 34 28 5 32 67 59 0 44 62 30 64 34 15 63 0 55 68 68 53 52 11 14 0 3 40 16 13 31 44 57 58 52 6 58 68 4 21 28 6 66 16 10 58 0 48 22 57 57 24 
60 45 59 25 0 9 64 56 44 4 63 40 37 36 46 34 28 5 32 67 59 0 44 62 30 64 34 15 63 0 55 68 68 53 52 11 14 0 3 40 16 13 31 44 57 58 52 6 58 68 4 21 28 6 66 16 10 58 0 48 22 57 57 24 
60 36 59 25 0 9 64 56 44 4 63 40 37 36 15 34 28 5 32 67 59 0 44 36 30 11 34 15 63 0 55 68 68 53 52 11 26 69 3 40 16 13 57 44 57 58 52 6 58 18 4 21 28 6 66 16 10 58 0 2 22 57 57 24 
60 36 59 25 0 9 64 56 44 4 63 40 37 36 15 34 28 5 32 67 59 0 44 36 30 11 34 15 63 0 55 68 68 53 52 11 26 69 3 40 16 13 57 44 57 58 52 6 58 18 4 21 28 6 66 16 10 58 0 2 22 57 57 24 
60 36 59 25 0 9 64 56 44 4 63 40 37 36 13 34 28 5 32 67 59 0 44 36 30 11 27 15 63 0 55 68 68 53 52 11 26 69 3 40 16 13 57 44 57 58 52 6 58 18 4 21 28 6 66 16 67 58 0 53 22 13 57 21 
60 36 59 25 0 9 64 56 44 4 64 40 37 36 13 34 28 5 32 67 59 0 44 36 30 11 27 15 63 0 55 68 68 53 52 11 35 69 3 40 16 13 57 44 57 58 52 6 58 18 4 21 28 6 66 16 67 58 0 53 22 13 57 4 
60 45 38 25 0 9 64 56 44 4 63 40 37 36 46 34 28 5 32 67 59 0 44 62 30 64 34 15 56 0 55 68 68 53 52 11 14 0 3 40 16 13 31 44 57 58 52 6 58 68 4 21 27 6 66 16 10 58 0 48 22 57 57 24 
60 45 38 25 0 9 64 56 44 4 63 40 37 36 46 34 28 5 32 67 59 0 44 62 30 64 34 15 56 0 55 68 68 53 52 11 14 0 3 40 16 13 31 44 57 58 52 6 58 68 4 21 27 6 66 16 10 58 0 48 22 57 57 24 
60 45 59 25 0 9 64 56 44 4 63 40 37 36 46 34 28 5 32 67 59 0 44 62 30 64 34 15 63 0 55 68 68 53 52 11 14 0 3 40 16 13 31 44 57 58 52 6 58 68 4 21 28 6 66 16 10 58 0 48 22 57 57 24 
60 45 59 25 0 9 64 56 44 4 63 40 37 36 46 34 28 5 32 67 59 0 44 62 30 64 34 15 63 0 55 68 68 53 52 11 14 0 3 40 16 13 31 44 57 58 52 6 58 68 4 21 28 6 66 16 10 58 0 48 22 57 57 24 
60 36 59 25 0 9 64 56 44 4 63 40 37 36 15 34 28 5 32 67 59 0 44 36 30 11 34 15 63 0 55 68 68 53 52 11 26 69 3 40 16 13 57 44 57 58 52 6 58 18 4 21 28 6 66 16 10 58 0 2 22 57 57 24 
60 36 59 25 0 9 64 56 44 4 63 40 37 36 15 34 28 5 32 67 59 0 44 36 30 11 34 15 63 0 55 68 68 53 52 11 26 69 3 40 16 13 57 44 57 58 52 6 58 18 4 21 28 6 66 16 10 58 0 2 22 57 57 24 
60 36 59 25 0 9 64 56 44 4 63 40 37 36 13 34 28 5 32 67 59 0 44 36 30 11 27 15 63 0 55 68 68 53 52 11 26 69 3 40 16 13 57 44 57 58 52 6 58 18 4 21 28 6 66 16 67 58 0 53 22 13 57 21 
60 36 59 25 0 9 64 56 44 4 64 40 37 36 13 34 28 5 32 67 59 0 44 36 30 11 27 15 63 0 55 68 68 53 52 11 35 69 3 40 16 13 57 44 57 58 52 6 58 18 4 21 28 6 66 16 67 58 0 53 22 13 57 4 
60 45 38 25 0 9 64 56 44 4 63 40 37 36 46 34 28 5 32 67 59 0 44 62 30 64 34 15 56 0 55 68 68 53 52 11 14 0 3 40 16 13 31 44 57 58 52 6 58 68 4 21 27 6 66 16 10 58 0 48 22 57 57 24 
60 45 38 25 0 9 64 56 44 4 63 40 37 36 46 34 28 5 32 67 59 0 44 62 30 64 34 15 56 0 55 68 68 53 52 11 14 0 3 40 16 13 31 44 57 58 52 6 58 68 4 21 27 6 66 16 10 58 0 48 22 57 57 24 
60 45 59 25 0 9 64 56 44 4 63 40 37 36 46 34 28 5 32 67 59 0 44 62 30 64 34 15 63 0 55 68 68 53 52 11 14 0 3 40 16 13 31 44 57 58 52 6 58 68 4 21 28 6 66 16 10 58 0 48 22 57 57 24 
60 45 59 25 0 9 64 56 44 4 63 40 37 36 46 34 28 5 32 67 59 0 44 62 30 64 34 15 63 0 55 68 68 53 52 11 14 0 3 40 16 13 31 44 57 58 52 6 58 68 4 21 28 6 66 16 10 58 0 48 22 57 57 24 
60 36 59 25 0 9 64 56 44 4 63 40 37 36 15 34 28 5 32 67 59 0 44 36 30 11 34 15 63 0 55 68 68 53 52 11 26 69 3 40 16 13 57 44 57 58 52 6 58 18 4 21 28 6 66 16 10 58 0 2 22 57 57 24 
60 36 59 25 0 9 64 56 44 4 63 40 37 36 15 34 28 5 32 67 59 0 44 36 30 11 34 15 63 0 55 68 68 53 52 11 26 69 3 40 16 13 57 44 57 58 52 6 58 18 4 21 28 6 66 16 10 58 0 2 22 57 57 24 
60 36 59 25 0 9 64 56 44 4 63 40 37 36 13 34 28 5 32 67 59 0 44 36 30 11 27 15 63 0 55 68 68 53 52 11 26 69 3 40 16 13 57 44 57 58 52 6 58 18 4 21 28 6 66 16 67 58 0 53 22 13 57 21 
60 36 59 25 0 9 64 56 44 4 64 40 37 36 13 34 28 5 32 67 59 0 44 36 30 11 27 15 63 0 55 68 68 53 52 11 35 69 3 40 16 13 57 44 57 58 52 6 58 18 4 21 28 6 66 16 67 58 0 53 22 13 57 4 
60 45 38 25 0 9 64 56 44 4 63 40 37 36 46 34 28 5 32 67 59 0 44 62 30 64 34 15 56 0 55 68 68 53 52 11 14 0 3 40 16 13 31 44 57 58 52 6 58 68 4 21 27 6 66 16 10 58 0 48 22 57 57 24 
60 45 38 25 0 9 64 56 44 4 63 40 37 36 46 34 28 5 32 67 59 0 44 62 30 64 34 15 56 0 55 68 68 53 52 11 14 0 3 40 16 13 31 44 57 58 52 6 58 68 4 21 27 6 66 16 10 58 0 48 22 57 57 24 
60 45 59 25 0 9 64 56 44 4 63 40 37 36 46 34 28 5 32 67 59 0 44 62 30 64 34 15 63 0 55 68 68 53 52 11 14 0 3 40 16 13 31 44 57 58 52 6 58 68 4 21 28 6 66 16 10 58 0 48 22 57 57 24 
60 45 59 25 0 9 64 56 44 4 63 40 37 36 46 34 28 5 32 67 59 0 44 62 30 64 34 15 63 0 55 68 68 53 52 11 14 0 3 40 16 13 31 44 57 58 52 6 58 68 4 21 28 6 66 16 10 58 0 48 22 57 57 24 
60 36 59 25 0 9 64 56 44 4 63 40 37 36 15 34 28 5 32 67 59 0 44 36 30 11 34 67 63 0 55 68 68 53 52 20 26 69 3 40 16 13 57 44 57 58 52 6 58 18 4 21 28 6 66 16 10 58 0 2 22 57 57 24 
60 36 68 25 0 9 64 56 44 4 63 40 37 36 15 34 28 5 32 67 59 0 44 52 30 11 34 15 63 0 55 68 68 53 52 11 26 69 3 40 16 13 57 44 57 58 52 6 58 18 4 21 28 6 66 16 10 58 0 2 22 0 57 24 
60 36 59 25 0 9 64 22 44 4 63 40 37 36 13 34 28 5 32 67 31 0 44 36 30 11 27 15 63 0 55 68 68 53 52 11 26 69 3 40 16 13 57 44 57 11 52 6 58 18 4 21 28 6 66 16 67 58 0 53 22 13 57 21 
60 19 59 25 0 9 64 56 44 4 64 40 24 36 13 34 28 47 32 67 59 0 44 36 30 11 27 15 63 0 55 68 68 53 52 11 35 69 3 40 16 13 57 44 57 58 52 6 58 18 4 21 28 6 66 16 67 58 0 53 22 13 57 4 
60 45 38 25 63 9 64 56 29 4 63 40 37 36 46 34 28 5 32 67 61 0 44 62 30 64 34 15 56 0 55 68 68 53 52 11 14 0 3 40 16 13 31 44 57 58 52 6 58 68 4 21 27 6 66 16 10 58 0 48 22 57 57 24 
60 45 38 25 0 9 64 56 44 4 63 40 37 10 46 34 28 5 32 67 59 0 44 62 30 64 34 15 56 0 55 68 68 53 52 11 14 0 3 40 16 62 31 44 57 58 52 6 29 68 4 21 27 6 66 16 10 58 0 48 22 57 57 24 
60 45 59 25 0 18 64 56 44 4 63 40 37 36 46 34 28 5 32 67 59 0 44 62 30 64 34 15 63 0 55 68 68 53 52 11 14 0 3 40 16 56 31 44 57 58 52 6 58 68 4 69 28 6 66 16 10 58 0 48 22 57 57 24 
60 45 59 25 0 9 64 56 44 4 63 40 37 36 46 34 28 58 32 67 59 0 44 62 30 64 34 15 63 0 55 68 68 53 52 11 14 0 53 40 16 13 31 44 57 58 52 6 58 68 4 21 28 6 66 16 10 58 0 48 22 57 57 70 
60 36 59 25 0 9 64 56 44 4 63 40 37 36 15 34 28 49 32 67 59 0 44 36 30 11 34 15 63 0 55 68 68 53 52 11 26 69 3 40 16 13 57 44 57 58 52 9 58 18 4 21 28 6 66 16 10 58 0 2 22 57 37 24 
60 36 59 25 0 9 64 56 36 4 63 40 37 36 15 34 28 5 32 67 59 0 44 36 30 11 34 15 38 0 55 68 68 53 52 11 3 69 3 40 16 13 57 44 57 58 52 6 58 18 4 21 28 6 66 16 10 58 0 2 22 57 57 24 
60 36 59 25 0 9 64 56 44 4 63 40 37 36 13 34 28 5 32 67 59 0 44 36 30 11 27 15 63 0 55 6 68 53 52 11 68 69 3 40 16 13 57 44 57 58 52 6 58 18 4 21 28 6 66 16 67 58 0 9 22 13 57 21 
60 36 59 66 0 9 64 56 44 4 64 40 37 36 13 34 28 5 32 67 59 0 44 36 30 11 27 15 63 0 55 68 68 53 52 11 35 69 3 40 16 13 57 44 57 58 52 6 56 18 4 21 28 6 66 16 67 48 0 53 22 13 57 4 
60 45 38 25 0 9 64 56 44 4 63 40 37 36 46 34 28 5 64 67 59 0 44 62 30 64 34 15 56 0 55 68 68 53 52 11 52 0 3 40 16 13 31 44 57 58 52 6 58 68 4 21 27 6 66 16 52 58 0 48 22 57 57 24 
60 45 66 25 0 9 64 56 44 4 63 40 37 36 46 34 28 5 32 7 59 0 44 62 30 64 34 15 56 0 55 68 68 53 52 11 14 0 3 40 16 13 31 44 57 58 52 6 58 68 4 21 27 6 66 16 10 58 0 48 53 57 57 24 
60 45 59 25 0 9 64 56 44 4 63 40 37 36 46 34 28 5 32 67 59 0 44 62 30 64 34 15 63 0 55 38 68 53 52 11 14 0 3 40 16 13 31 44 57 52 52 6 58 68 4 21 28 6 66 16 10 58 36 48 22 57 57 24 
60 45 59 25 0 9 64 56 44 4 63 40 37 36 46 34 28 5 32 67 59 47 44 62 30 64 34 15 63 0 55 58 68 53 57 11 14 0 3 40 16 13 31 44 57 58 52 6 58 68 4 21 28 6 66 16 10 58 0 48 22 57 57 24 
