17 11 47 62 17 33 15 23 3 20 51 0 59 22 32 39 59 20 13 49 56 34 26 31 10 24 27 26 12 28 41 24 29 63 20 50 45 25 70 53 12 64 0 24 24 63 67 4 1 57 65 30 15 6 18 12 55 59 68 35 7 15 15 9 
17 11 47 11 17 33 15 37 3 20 51 0 59 22 32 39 59 20 13 49 56 34 66 31 46 24 36 1 12 28 11 41 29 40 34 6 45 4 70 53 70 64 0 33 24 63 67 2 1 57 65 54 15 6 27 12 55 25 68 35 7 23 16 9 
17 11 47 11 17 33 15 37 3 20 51 0 59 22 32 39 59 20 13 49 56 34 66 31 46 24 36 1 12 28 41 41 29 40 34 6 45 4 70 53 70 64 0 33 24 63 67 4 1 57 65 54 15 6 27 12 55 59 68 35 7 23 16 9 
17 11 47 62 17 33 15 23 3 20 51 0 59 22 32 39 59 20 13 49 56 34 66 31 10 24 27 26 12 28 41 24 29 63 20 50 45 25 70 53 12 64 0 24 24 63 67 4 1 57 65 30 15 6 27 12 55 59 68 35 7 23 15 9 
17 11 47 11 17 33 15 37 3 20 51 0 59 22 32 39 59 20 13 49 20 34 66 31 46 24 36 1 34 33 33 41 29 40 34 6 45 4 70 53 70 45 0 33 24 63 67 4 1 57 65 54 15 6 27 12 55 59 68 35 7 23 16 9 
17 11 47 11 17 33 15 44 3 20 51 0 59 22 32 39 59 20 13 49 56 34 66 31 46 24 36 26 12 28 41 41 29 40 34 50 45 25 70 53 12 64 0 33 24 63 67 16 1 45 65 30 15 6 27 12 55 59 68 35 7 23 16 9 
17 11 47 11 17 33 15 44 3 20 51 0 59 22 32 39 59 20 13 49 56 34 66 31 46 24 36 26 12 28 41 41 29 40 34 50 45 25 70 53 12 64 0 33 24 63 67 16 1 45 65 30 15 6 27 12 55 59 68 35 7 23 16 9 
17 11 47 0 17 33 15 44 3 20 51 0 59 22 32 39 59 20 13 49 56 34 66 31 46 24 36 26 53 28 41 41 29 40 34 50 45 25 70 53 12 64 0 33 24 63 67 16 1 45 65 30 15 6 27 12 55 59 68 6 7 23 16 9 
17 11 47 62 17 33 15 23 3 20 51 0 59 22 32 39 59 20 13 49 56 34 26 31 10 24 27 26 12 28 41 24 29 63 20 50 45 25 70 53 12 64 0 24 24 63 67 4 1 57 65 30 15 6 18 12 55 59 68 35 7 15 15 9 
17 11 47 11 17 33 15 37 3 20 51 0 59 22 32 39 59 20 13 49 56 34 66 31 46 24 36 1 12 28 11 41 29 40 34 6 45 4 70 53 70 64 0 33 24 63 67 2 1 57 65 54 15 6 27 12 55 25 68 35 7 23 16 9 
17 11 47 11 17 33 15 37 3 20 51 0 59 22 32 39 59 20 13 49 56 34 66 31 46 24 36 1 12 28 41 41 29 40 34 6 45 4 70 53 70 64 0 33 24 63 67 4 1 57 65 54 15 6 27 12 55 59 68 35 7 23 16 9 
17 11 47 62 17 33 15 23 3 20 51 0 59 22 32 39 59 20 13 49 56 34 66 31 10 24 27 26 12 28 41 24 29 63 20 50 45 25 70 53 12 64 0 24 24 63 67 4 1 57 65 30 15 6 27 12 55 59 68 35 7 23 15 9 
17 11 47 11 17 33 15 37 3 20 51 0 59 22 32 39 59 20 13 49 20 34 66 31 46 24 36 1 34 33 33 41 29 40 34 6 45 4 70 53 70 45 0 33 24 63 67 4 1 57 65 54 15 6 27 12 55 59 68 35 7 23 16 9 
17 11 47 11 17 33 15 44 3 20 51 0 59 22 32 39 59 20 13 49 56 34 66 31 46 24 36 26 12 28 41 41 29 40 34 50 45 25 70 53 12 64 0 33 24 63 67 16 1 45 65 30 15 6 27 12 55 59 68 35 7 23 16 9 
17 11 47 11 17 33 15 44 3 20 51 0 59 22 32 39 59 20 13 49 56 34 66 31 46 24 36 26 12 28 41 41 29 40 34 50 45 25 70 53 12 64 0 33 24 63 67 16 1 45 65 30 15 6 27 12 55 59 68 35 7 23 16 9 
17 11 47 0 17 33 15 44 3 20 51 0 59 22 32 39 59 20 13 49 56 34 66 31 46 24 36 26 53 28 41 41 29 40 34 50 45 25 70 53 12 64 0 33 24 63 67 16 1 45 65 30 15 6 27 12 55 59 68 6 7 23 16 9 
17 11 47 62 17 33 15 23 3 20 51 0 59 22 32 39 59 20 13 49 56 34 26 31 10 24 27 26 12 28 41 24 29 63 20 50 45 25 70 53 12 64 0 24 24 63 67 4 1 57 65 30 15 6 18 12 55 59 68 35 7 15 15 9 
17 11 47 11 17 33 15 37 3 20 51 0 59 22 32 39 59 20 13 49 56 34 66 31 46 24 36 1 12 28 11 41 29 40 34 6 45 4 70 53 70 64 0 33 24 63 67 2 1 57 65 54 15 6 27 12 55 25 68 35 7 23 16 9 
17 11 47 11 17 33 15 37 3 20 51 0 59 22 32 39 59 20 13 49 56 34 66 31 46 24 36 1 12 28 41 41 29 40 34 6 45 4 70 53 70 64 0 33 24 63 67 4 1 57 65 54 15 6 27 12 55 59 68 35 7 23 16 9 
17 11 47 62 17 33 15 23 3 20 51 0 59 22 32 39 59 20 13 49 56 34 66 31 10 24 27 26 12 28 41 24 29 63 20 50 45 25 70 53 12 64 0 24 24 63 67 4 1 57 65 30 15 6 27 12 55 59 68 35 7 23 15 9 
17 11 47 11 17 33 15 37 3 20 51 0 59 22 32 39 59 20 13 49 20 34 66 31 46 24 36 1 34 33 33 41 29 40 34 6 45 4 70 53 70 45 0 33 24 63 67 4 1 57 65 54 15 6 27 12 55 59 68 35 7 23 16 9 
17 11 47 11 17 33 15 44 3 20 51 0 59 22 32 39 59 20 13 49 56 34 66 31 46 24 36 26 12 28 41 41 29 40 34 50 45 25 70 53 12 64 0 33 24 63 67 16 1 45 65 30 15 6 27 12 55 59 68 35 7 23 16 9 
17 11 47 11 17 33 15 44 3 20 51 0 59 22 32 39 59 20 13 49 56 34 66 31 46 24 36 26 12 28 41 41 29 40 34 50 45 25 70 53 12 64 0 33 24 63 67 16 1 45 65 30 15 6 27 12 55 59 68 35 7 23 16 9 
17 11 47 0 17 33 15 44 3 20 51 0 59 22 32 39 59 20 13 49 56 34 66 31 46 24 36 26 53 28 41 41 29 40 34 50 45 25 70 53 12 64 0 33 24 63 67 16 1 45 65 30 15 6 27 12 55 59 68 6 7 23 16 9 
17 11 47 62 17 33 15 23 3 20 51 0 59 22 32 39 59 20 13 49 56 34 26 31 10 24 27 26 12 28 41 24 29 63 20 50 45 25 70 53 12 64 0 24 24 63 67 4 1 57 65 30 15 6 18 12 55 59 68 35 7 15 15 9 
17 11 47 11 17 33 15 37 3 20 51 0 59 22 32 39 59 20 13 49 56 34 66 31 46 24 36 1 12 28 11 41 29 40 34 6 45 4 70 53 70 64 0 33 24 63 67 2 1 57 65 54 15 6 27 12 55 25 68 35 7 23 16 9 
17 11 47 11 17 33 15 37 3 20 51 0 59 22 32 39 59 20 13 49 56 34 66 31 46 24 36 1 12 28 41 41 29 40 34 6 45 4 70 53 70 64 0 33 24 63 67 4 1 57 65 54 15 6 27 12 55 59 68 35 7 23 16 9 
17 11 47 62 17 33 15 23 3 20 51 0 59 22 32 39 59 20 13 49 56 34 66 31 10 24 27 26 12 28 41 24 29 63 20 50 45 25 70 53 12 64 0 24 24 63 67 4 1 57 65 30 15 6 27 12 55 59 68 35 7 23 15 9 
17 11 47 11 17 33 15 37 3 20 51 0 59 22 32 39 59 20 13 49 20 34 66 31 46 24 36 1 34 33 33 41 29 40 34 6 45 4 70 53 70 45 0 33 24 63 67 4 1 57 65 54 15 6 27 12 55 59 68 35 7 23 16 9 
17 11 47 11 17 33 15 44 3 20 51 0 59 22 32 39 59 20 13 49 56 34 66 31 46 24 36 26 12 28 41 41 29 40 34 50 45 25 70 53 12 64 0 33 24 63 67 16 1 45 65 30 15 6 27 12 55 59 68 35 7 23 16 9 
17 11 47 11 17 33 15 44 3 20 51 0 59 22 32 39 59 20 13 49 56 34 66 31 46 24 36 26 12 28 41 41 29 40 34 50 45 25 70 53 12 64 0 33 24 63 67 16 1 45 65 30 15 6 27 12 55 59 68 35 7 23 16 9 
17 11 47 0 17 33 15 44 3 20 51 0 59 22 32 39 59 20 13 49 56 34 66 31 46 24 36 26 53 28 41 41 29 40 34 50 45 25 70 53 12 64 0 33 24 63 67 16 1 45 65 30 15 6 27 12 55 59 68 6 7 23 16 9 
17 11 47 62 17 33 15 23 3 20 51 0 59 22 32 39 59 20 13 49 56 34 26 31 10 24 27 26 12 28 41 24 29 63 20 50 45 25 70 53 12 64 0 24 24 63 67 4 1 57 65 30 15 6 18 12 55 59 68 35 7 15 15 9 
17 11 47 11 17 33 15 37 3 20 51 0 59 22 32 39 59 20 13 49 56 34 66 31 46 24 36 1 12 28 11 41 29 40 34 6 45 4 70 53 70 64 0 33 24 63 67 2 1 57 65 54 15 6 27 12 55 25 68 35 7 23 16 9 
17 11 47 11 17 33 15 37 3 20 51 0 59 22 32 39 59 20 13 49 56 34 66 31 46 24 36 1 12 28 41 41 29 40 34 6 45 4 70 53 70 64 0 33 24 63 67 4 1 57 65 54 15 6 27 12 55 59 68 35 7 23 16 9 
17 11 47 62 17 33 15 23 3 20 51 0 59 22 32 39 59 20 13 49 56 34 66 31 10 24 27 26 12 28 41 24 29 63 20 50 45 25 70 53 12 64 0 24 24 63 67 4 1 57 65 30 15 6 27 12 55 59 68 35 7 23 15 9 
17 11 47 11 17 33 15 37 3 20 51 0 59 22 32 39 59 20 13 49 20 34 66 31 46 24 36 1 34 33 33 41 29 40 34 6 45 4 70 53 70 45 0 33 24 63 67 4 1 57 65 54 15 6 27 12 55 59 68 35 7 23 16 9 
17 11 47 11 17 33 15 44 3 20 51 0 59 22 32 39 59 20 13 49 56 34 66 31 46 24 36 26 12 28 41 41 29 40 34 50 45 25 70 53 12 64 0 33 24 63 67 16 1 45 65 30 15 6 27 12 55 59 68 35 7 23 16 9 
17 11 47 11 17 33 15 44 3 20 51 0 59 22 32 39 59 20 13 49 56 34 66 31 46 24 36 26 12 28 41 41 29 40 34 50 45 25 70 53 12 64 0 33 24 63 67 16 1 45 65 30 15 6 27 12 55 59 68 35 7 23 16 9 
17 11 47 0 17 33 15 44 3 20 51 0 59 22 32 39 59 20 13 49 56 34 66 31 46 24 36 26 53 28 41 41 29 40 34 50 45 25 70 53 12 64 0 33 24 63 67 16 1 45 65 30 15 6 27 12 55 59 68 6 7 23 16 9 
17 11 47 62 17 33 15 23 3 20 51 0 59 22 32 39 59 20 13 49 56 34 26 31 10 24 27 26 12 28 41 24 29 63 20 50 45 25 70 53 12 64 0 24 24 63 67 4 1 57 65 30 15 6 18 12 55 59 68 35 7 15 15 9 
17 11 47 11 17 33 15 37 3 20 51 0 59 22 32 39 59 20 13 49 56 34 66 31 46 24 36 1 12 28 11 41 29 40 34 6 45 4 70 53 70 64 0 33 24 63 67 2 1 57 65 54 15 6 27 12 55 25 68 35 7 23 16 9 
17 11 47 11 17 33 15 37 3 20 51 0 59 22 32 39 59 20 13 49 56 34 66 31 46 24 36 1 12 28 41 41 29 40 34 6 45 4 70 53 70 64 0 33 24 63 67 4 1 57 65 54 15 6 27 12 55 59 68 35 7 23 16 9 
17 11 47 62 17 33 15 23 3 20 51 0 59 22 32 39 59 20 13 49 56 34 66 31 10 24 27 26 12 28 41 24 29 63 20 50 45 25 70 53 12 64 0 24 24 63 67 4 1 57 65 30 15 6 27 12 55 59 68 35 7 23 15 9 
17 11 47 11 17 33 15 37 3 20 51 0 59 22 32 39 59 20 13 49 20 34 66 31 46 24 36 1 34 33 33 41 29 40 34 6 45 4 70 53 70 45 0 33 24 63 67 4 1 57 65 54 15 6 27 12 55 59 68 35 7 23 16 9 
17 11 47 11 17 33 15 44 3 20 51 0 59 22 32 39 59 20 13 49 56 34 66 31 46 24 36 26 12 28 41 41 29 40 34 50 45 25 70 53 12 64 0 33 24 63 67 16 1 45 65 30 15 6 27 12 55 59 68 35 7 23 16 9 
17 11 47 11 17 33 15 44 3 20 51 0 59 22 32 39 59 20 13 49 56 34 66 31 46 24 36 26 12 28 41 41 29 40 34 50 45 25 70 53 12 64 0 33 24 63 67 16 1 45 65 30 15 6 27 12 55 59 68 35 7 23 16 9 
17 11 47 0 17 33 15 44 3 20 51 0 59 22 32 39 59 20 13 49 56 34 66 31 46 24 36 26 53 28 41 41 29 40 34 50 45 25 70 53 12 64 0 33 24 63 67 16 1 45 65 30 15 6 27 12 55 59 68 6 7 23 16 9 
17 11 47 62 17 33 15 23 3 20 51 0 59 22 32 39 59 20 13 49 56 34 26 31 10 24 27 26 12 28 41 24 29 63 20 50 45 25 70 53 12 64 0 24 24 63 67 4 1 57 65 58 15 6 18 12 55 32 68 35 7 15 32 9 
30 11 47 11 17 33 15 68 3 20 51 0 59 22 32 39 59 20 13 49 56 34 66 31 46 24 36 1 12 28 11 22 29 40 34 6 45 4 70 53 70 64 0 33 24 63 67 2 1 57 65 54 15 6 27 12 55 25 68 35 7 23 16 9 
17 11 47 11 17 33 15 37 3 20 51 0 59 22 32 39 59 20 13 15 56 34 66 31 46 24 36 1 12 28 41 41 29 40 34 64 45 4 70 53 70 64 0 33 24 63 67 4 1 57 65 54 15 6 27 12 55 59 68 34 7 23 16 9 
17 11 47 62 17 33 15 23 3 20 51 0 59 22 32 39 10 20 13 49 56 34 66 31 10 24 27 62 12 28 41 24 29 63 20 50 45 25 70 53 12 64 0 24 24 63 67 4 1 57 65 30 15 6 27 12 55 59 68 35 7 23 15 9 
17 11 47 11 17 33 15 37 3 20 51 0 59 22 32 39 59 20 13 49 20 34 66 31 46 24 36 1 34 33 33 41 29 40 34 6 45 4 58 53 70 45 0 33 24 63 67 4 1 57 65 54 15 6 27 47 55 59 68 20 7 23 16 9 
17 11 47 11 17 33 15 44 3 20 51 0 59 22 32 39 59 20 13 49 56 34 66 31 46 24 36 26 12 28 41 41 29 40 34 50 45 25 70 53 12 64 0 33 24 63 67 16 8 45 65 30 28 6 27 12 40 59 68 35 7 23 16 9 
17 11 20 11 17 33 15 44 3 20 51 0 59 22 32 39 59 20 13 49 56 34 66 31 46 24 36 26 12 28 41 41 29 40 34 50 45 25 70 53 12 64 0 33 24 63 67 16 1 45 65 30 15 6 27 12 55 59 68 35 26 23 16 39 
17 11 47 0 27 33 15 44 3 20 51 0 59 22 32 39 59 20 13 49 56 34 66 31 46 24 36 26 53 28 41 41 29 40 34 55 45 25 70 53 12 64 0 33 24 63 67 16 1 45 65 30 15 6 27 12 55 59 68 6 7 23 8 9 
17 11 47 62 17 33 15 23 19 20 51 0 59 22 32 39 59 20 13 23 56 34 26 31 10 24 27 26 12 29 41 24 29 63 20 50 45 25 70 53 12 64 0 24 24 63 67 4 1 57 65 30 15 6 18 12 55 59 68 35 7 15 15 9 
17 11 47 11 17 33 15 37 3 20 51 0 26 22 32 39 59 20 29 49 56 34 66 31 46 24 36 1 12 28 11 41 29 40 34 6 45 4 70 53 70 64 0 33 24 63 67 2 1 57 65 54 15 6 27 12 55 25 68 35 48 23 16 9 
17 11 47 11 17 33 15 37 3 20 51 0 59 22 32 39 59 20 13 16 56 34 66 19 46 24 36 1 12 28 41 41 29 40 34 6 45 4 70 53 70 64 0 33 24 63 67 4 1 57 65 54 15 6 27 12 55 59 68 35 7 22 16 9 
17 11 47 62 17 33 15 23 3 20 51 0 35 22 32 39 59 20 13 49 56 34 66 31 10 24 27 26 12 28 41 24 8 63 20 50 45 25 70 53 12 64 0 24 24 63 67 4 1 57 65 30 15 6 27 12 55 59 68 35 7 23 15 9 
17 11 47 11 17 33 15 37 3 20 51 0 59 22 32 39 43 20 13 49 20 34 66 31 46 24 36 1 34 33 33 41 29 40 34 6 45 4 17 53 70 45 0 33 44 63 67 4 1 57 65 54 15 6 27 12 55 59 68 35 7 23 16 9 
17 11 47 11 17 33 15 44 3 20 51 0 59 22 32 39 59 20 13 49 56 34 66 31 46 24 36 26 12 28 41 41 29 40 34 50 45 57 70 53 12 64 0 33 24 50 67 16 1 45 65 30 15 6 27 12 55 59 68 35 7 23 16 9 
17 11 47 11 17 33 15 44 3 6 51 0 59 22 32 39 59 20 13 49 56 34 66 31 46 24 36 26 12 27 41 42 29 40 34 50 45 25 70 53 12 64 0 33 24 63 67 16 1 45 65 30 15 6 27 12 55 59 68 35 7 23 16 9 
17 10 47 0 17 33 15 44 3 20 51 0 59 22 32 39 59 20 13 49 56 34 66 31 46 24 36 7 53 28 41 41 29 40 34 50 45 25 70 53 12 64 0 33 24 63 67 16 1 45 65 30 15 6 27 12 55 59 32 6 7 23 16 9 
